1 1
1 2
1 3
1 4
1 5
1 6
1 7
1 8
1 9
1 10
1 11
1 12
1 13
1 14
1 15
1 16
1 17
1 18
1 19
1 20
1 21
2 5
2 11
2 17
2 19
2 21
3 1
3 2
3 3
3 5
3 6
3 7
3 9
3 10
3 11
3 13
3 14
3 15
3 17
3 19
3 21
4 1
4 3
4 5
4 7
4 15
4 17
4 21
5 1
5 3
5 5
5 7
5 9
5 11
5 12
5 13
5 14
5 15
5 17
5 19
5 21
6 1
6 5
6 9
6 11
6 13
6 17
6 19
6 21
7 1
7 2
7 3
7 5
7 7
7 8
7 9
7 10
7 11
7 13
7 14
7 15
7 17
7 18
7 19
7 21
8 1
8 3
8 7
8 11
8 15
8 21
9 1
9 3
9 4
9 5
9 7
9 9
9 10
9 11
9 12
9 13
9 15
9 16
9 17
9 18
9 19
9 20
9 21
10 1
10 5
10 13
10 15
10 21
11 1
11 2
11 3
11 5
11 7
11 8
11 9
11 11
11 12
11 13
11 15
11 17
11 18
11 19
11 21
12 1
12 7
12 19
12 21
13 1
13 3
13 4
13 5
13 7
13 8
13 9
13 10
13 11
13 13
13 14
13 15
13 16
13 17
13 18
13 19
13 20
13 21
14 1
14 3
14 7
14 15
14 19
14 21
15 1
15 2
15 3
15 5
15 7
15 9
15 11
15 13
15 14
15 15
15 17
15 19
15 21
16 1
16 5
16 7
16 9
16 11
16 15
16 17
16 21
17 1
17 2
17 3
17 5
17 7
17 9
17 11
17 13
17 15
17 17
17 18
17 19
17 20
17 21
18 1
18 5
18 7
18 9
18 11
18 13
18 17
18 21
19 1
19 3
19 4
19 5
19 7
19 8
19 9
19 11
19 13
19 15
19 16
19 17
19 18
19 19
19 21
20 1
20 3
20 7
20 11
20 13
20 21
21 1
21 2
21 3
21 4
21 5
21 6
21 7
21 8
21 9
21 10
21 11
21 12
21 13
21 14
21 15
21 16
21 17
21 18
21 19
21 20
21 21
